              precision    recall  f1-score   support

          0%     0.9994    0.9963    0.9979      1642
          5%     0.9945    0.9927    0.9936      1652
       12.5%     1.0000    1.0000    1.0000      1652
         25%     0.9889    0.9718    0.9803      1101
         50%     1.0000    0.9461    0.9723       427
         75%     0.9272    0.9910    0.9580       668
        100%     0.9849    0.9875    0.9862      1515

    accuracy                         0.9888      8657
   macro avg     0.9850    0.9836    0.9840      8657
weighted avg     0.9892    0.9888    0.9888      8657
