              precision    recall  f1-score   support

          0%     0.9982    1.0000    0.9991      1642
          5%     0.9988    1.0000    0.9994      1652
       12.5%     0.9994    1.0000    0.9997      1652
         25%     0.9991    1.0000    0.9995      1101
         50%     0.9907    1.0000    0.9953       427
         75%     1.0000    0.9985    0.9993       668
        100%     1.0000    0.9934    0.9967      1515

    accuracy                         0.9987      8657
   macro avg     0.9980    0.9988    0.9984      8657
weighted avg     0.9987    0.9987    0.9987      8657
