              precision    recall  f1-score   support

          0%       0.97      0.88      0.92       139
          5%       0.94      0.97      0.96      1374
       12.5%       0.98      1.00      0.99      2756
         25%       0.96      0.91      0.93       914
         50%       0.87      0.79      0.83       356
         75%       0.83      0.75      0.79       535
        100%       0.86      0.89      0.88      1297

    accuracy                           0.93      7371
   macro avg       0.92      0.89      0.90      7371
weighted avg       0.93      0.93      0.93      7371
