              precision    recall  f1-score   support

          0%       0.74      0.47      0.58       139
          5%       0.61      0.98      0.75      1374
       12.5%       0.86      0.96      0.91      2756
         25%       0.58      0.21      0.30       914
         50%       0.50      0.32      0.39       356
         75%       0.39      0.07      0.11       535
        100%       0.61      0.63      0.62      1297

    accuracy                           0.71      7371
   macro avg       0.61      0.52      0.52      7371
weighted avg       0.68      0.71      0.67      7371
